== P1: mean ARI per method {'Raw': 53.66, 'HIBOG': 63.2, 'HIACSP': 64.53, 'HIACSP-WF': 61.3, 'SEW-GSP': 67.65}
   mean rank {'Raw': 4.47, 'HIBOG': 2.81, 'HIACSP': 2.34, 'HIACSP-WF': 3.07, 'SEW-GSP': 2.3} Friedman p=2.19e-13
   vs Raw: W/T/L = 39/4/5, Wilcoxon p=7.95e-08
   vs HIBOG: W/T/L = 28/4/16, Wilcoxon p=8.21e-02
   vs HIACSP: W/T/L = 24/5/19, Wilcoxon p=3.40e-01
   vs HIACSP-WF: W/T/L = 29/6/13, Wilcoxon p=1.91e-02
== P2: mean ARI per method {'Raw': 53.66, 'HIBOG': 58.36, 'HIACSP': 59.16, 'HIACSP-WF': 56.9, 'SEW-GSP': 63.0}
   mean rank {'Raw': 3.46, 'HIBOG': 3.09, 'HIACSP': 2.85, 'HIACSP-WF': 2.96, 'SEW-GSP': 2.64} Friedman p=1.18e-01
   vs Raw: W/T/L = 31/0/17, Wilcoxon p=9.93e-04
   vs HIBOG: W/T/L = 26/5/17, Wilcoxon p=5.19e-02
   vs HIACSP: W/T/L = 26/4/18, Wilcoxon p=4.73e-02
   vs HIACSP-WF: W/T/L = 26/0/22, Wilcoxon p=3.35e-01
('P1', 'ARI')
dataset        unbalance    a2    s1   d31  statlog  digits  yeast  wdbc  ionosphere  ecoli  glass  sonar  wine  wine+N20  iris  iris+N20   Avg
alg method                                                                                                                                     
AGG HIACSP         100.0  96.1  99.0  95.2     56.9    80.2   18.2  81.2        17.7   60.6   19.4    1.3  94.7      72.7  73.2      56.1  63.9
    HIACSP-WF      100.0  96.0  99.0  95.1     53.9    80.3   15.2  79.2        17.3   41.3   18.3    2.9  94.9      32.1  88.6      54.7  60.6
    HIBOG          100.0  96.1  99.0  95.0     55.8    80.4   17.8  80.5        18.7   49.1   20.1   -0.3  93.1      64.4  71.8      50.6  62.0
    Raw            100.0  93.4  98.3  92.0     53.8    77.7   14.5  53.8        18.7   39.9   15.9   -0.3  93.1      40.1  72.0      36.5  56.2
    SEW-GSP        100.0  96.1  99.0  95.0     66.8    80.6   18.3  79.9        18.2   38.6   26.5   -0.4  94.9      93.3  90.4      85.1  67.6
DPC HIACSP         100.0  96.4  99.0  95.0     66.6    81.2   23.3  79.9        27.9   70.4   23.5    5.3  94.7      69.8  90.4      54.0  67.3
    HIACSP-WF      100.0  96.3  99.0  95.1     60.7    82.7   17.5  79.8        28.5   47.0   27.5    5.3  93.1      32.2  90.4      54.2  63.1
    HIBOG          100.0  96.2  99.0  95.0     66.7    88.8   21.0  79.8        16.3   53.6   21.3    1.1  93.1      57.3  88.6      53.0  64.4
    Raw            100.0  86.0  99.0  93.3     59.3    65.2    2.1  -0.5        -3.2   30.9   14.8   -0.4  67.2      23.0  72.0      21.9  45.7
    SEW-GSP        100.0  96.3  99.0  95.5     61.5    82.1   18.2  79.2        18.5   51.0   34.3    3.2  91.5      89.9  90.4      90.4  68.8
KM  HIACSP         100.0  96.5  99.0  95.3     53.8    78.0   16.7  79.8        17.8   44.6   20.2    2.5  91.3      72.5  75.9      53.8  62.4
    HIACSP-WF      100.0  96.4  99.0  95.1     55.1    79.2   14.2  81.1        17.3   39.9   18.3    2.2  91.3      36.1  90.4      48.4  60.3
    HIBOG          100.0  96.2  99.0  95.2     54.2    78.6   17.7  78.6        17.8   50.2   20.7    1.1  91.5      67.1  92.2      51.0  63.2
    Raw            100.0  95.7  98.6  95.5     50.4    67.2   16.0  73.0        17.8   44.1   16.6    0.9  86.9      61.9  71.6      49.4  59.1
    SEW-GSP        100.0  96.4  99.0  95.2     55.7    78.0   16.2  79.8        17.8   42.3   26.7    1.3  89.9      88.4  90.4      86.8  66.5
('P2', 'ARI')
dataset        unbalance    a2    s1   d31  statlog  digits  yeast  wdbc  ionosphere  ecoli  glass  sonar  wine  wine+N20  iris  iris+N20   Avg
alg method                                                                                                                                     
AGG HIACSP         100.0  95.6  99.0  94.4     53.1    80.2   16.0  79.8        15.8   50.2   17.0   -0.4  83.5      71.2  65.4      45.1  60.4
    HIACSP-WF      100.0  95.6  99.0  94.3     51.7    79.3   13.6  79.2        16.8   39.1   17.0   -0.5  91.3       8.5  66.3      44.6  56.0
    HIBOG          100.0  95.7  99.0  94.0     55.2    79.1   17.0  79.2        13.1   41.1   17.6   -0.4  85.4      49.3  68.4      45.7  58.7
    Raw            100.0  93.4  98.3  92.0     53.8    77.7   14.5  53.8        18.7   39.9   15.9   -0.3  93.1      40.1  72.0      36.5  56.2
    SEW-GSP        100.0  95.6  98.6  94.3     55.3    79.4   18.3  79.8        13.1   29.1   23.3   -0.5  85.0      88.4  65.4      69.6  62.2
DPC HIACSP         100.0  95.7  99.0  94.4     53.6    72.4   12.7  79.2        11.8   47.7   19.6    2.2  83.5      30.9  65.4      46.6  57.2
    HIACSP-WF      100.0  95.5  99.0  94.3     52.2    82.7   13.3  77.9        15.3   47.0   21.5   -0.5  91.3      -0.1  88.6      40.3  57.4
    HIBOG          100.0  95.7  99.0  94.0     55.7    82.5   19.2  79.2        -4.8   42.2   10.5    1.1  86.9      50.3  64.2      49.1  57.8
    Raw            100.0  86.0  99.0  93.3     59.3    65.2    2.1  -0.5        -3.2   30.9   14.8   -0.4  67.2      23.0  72.0      21.9  45.7
    SEW-GSP        100.0  95.7  99.0  94.3     58.5    81.9    7.4  79.2        16.8   28.9   23.3    1.3  85.0      88.4  90.4      63.6  63.4
KM  HIACSP         100.0  95.7  99.0  94.4     53.8    73.9   15.6  79.2        15.9   41.1   17.2   -0.5  83.5      71.1  73.2      45.9  59.9
    HIACSP-WF      100.0  95.7  99.0  94.3     52.3    74.2   13.8  79.8        16.8   36.8   17.0   -0.5  91.3      12.6  88.6      44.8  57.3
    HIBOG          100.0  95.9  99.0  94.0     51.1    77.5   16.6  78.6        14.4   44.5   10.5   -0.5  86.9      53.1  70.7      44.7  58.6
    Raw            100.0  95.7  98.6  95.5     50.4    67.2   16.0  73.0        17.8   44.1   16.6    0.9  86.9      61.9  71.6      49.4  59.1
    SEW-GSP        100.0  95.7  99.0  94.3     53.3    73.0   15.7  79.8        16.8   29.2   23.3   -0.5  85.0      88.4  75.9      86.8  63.5
